1430961728.503682000,28:cf:e9:19:5c:45,-27,-27
1430961729.458280000,00:0e:58:65:16:4d,-71,-71
1430961729.953023000,00:0e:58:65:16:4d,-70,-70
1430961730.453055000,00:0e:58:65:16:4d,-70,-70
1430961730.953080000,00:0e:58:65:16:4d,-69,-69
1430961731.453057000,00:0e:58:65:16:4d,-71,-71
1430961731.953097000,00:0e:58:65:16:4d,-69,-69
1430961732.453095000,00:0e:58:65:16:4d,-74,-74
1430961732.790626000,84:38:38:92:c9:a3,-65,-65
1430961732.875477000,84:38:38:92:c9:a3,-70,-70
1430961733.148299000,a0:39:f7:4b:ba:48,-33,-33
1430961733.158044000,a0:39:f7:4b:ba:48,-33,-33
1430961733.177888000,a0:39:f7:4b:ba:48,-38,-38
1430961733.179012000,a0:39:f7:4b:ba:48,-38,-38
1430961733.194714000,a0:39:f7:4b:ba:48,-45,-45
1430961733.200456000,a0:39:f7:4b:ba:48,-46,-46
1430961733.453116000,00:0e:58:65:16:4d,-68,-68
1430961734.453240000,00:0e:58:65:16:4d,-70,-70
1430961734.953196000,00:0e:58:65:16:4d,-71,-71
1430961735.053140000,ca:93:37:34:20:8e,-79,-79
1430961735.076277000,ca:93:37:34:20:8e,-79,-81
1430961735.453204000,00:0e:58:65:16:4d,-71,-71
1430961735.878691000,bc:f5:ac:fe:04:e4,-47,-47
1430961735.889133000,bc:f5:ac:fe:04:e4,-48,-48
1430961735.910881000,bc:f5:ac:fe:04:e4,-51,-51
1430961736.453198000,00:0e:58:65:16:4d,-69,-69
1430961736.953197000,00:0e:58:65:16:4d,-68,-68
1430961737.025676000,30:a8:db:90:41:25,-28,-28
1430961737.054855000,30:a8:db:90:41:25,-45,-76
1430961737.114709000,30:a8:db:90:41:25,-29,-29
1430961737.151578000,30:a8:db:90:41:25,-29,-29
1430961737.276843000,a0:39:f7:4b:ba:48,-37,-37
1430961737.281837000,a0:39:f7:4b:ba:48,-38,-38
1430961737.298086000,a0:39:f7:4b:ba:48,-37,-37
1430961737.324845000,a0:39:f7:4b:ba:48,-41,-41
1430961737.328250000,a0:39:f7:4b:ba:48,-41,-41
1430961737.554909000,a0:39:f7:4b:ba:48,-83,-83
1430961738.453508000,00:0e:58:65:16:4d,-68,-68
1430961738.953242000,00:0e:58:65:16:4d,-69,-69
1430961739.453384000,00:0e:58:65:16:4d,-87,-87
1430961739.953326000,00:0e:58:65:16:4d,-66,-66
1430961740.453277000,00:0e:58:65:16:4d,-67,-67
1430961740.953343000,00:0e:58:65:16:4d,-71,-71
1430961741.236610000,28:cf:e9:19:5c:45,-27,-27
1430961741.237742000,28:cf:e9:19:5c:45,-27,-27
1430961741.259226000,28:cf:e9:19:5c:45,-29,-29
1430961741.453297000,00:0e:58:65:16:4d,-69,-69
1430961741.953346000,00:0e:58:65:16:4d,-71,-71
1430961742.467668000,a0:39:f7:4b:ba:48,-18,-18
1430961742.479075000,a0:39:f7:4b:ba:48,-17,-17
1430961742.488557000,a0:39:f7:4b:ba:48,-18,-18
1430961742.515646000,a0:39:f7:4b:ba:48,-21,-21
1430961742.518311000,a0:39:f7:4b:ba:48,-21,-21
1430961742.661373000,a0:39:f7:4b:ba:48,-70,-70
1430961742.669322000,a0:39:f7:4b:ba:48,-64,-64
1430961742.708701000,a0:39:f7:4b:ba:48,-68,-68
1430961742.725741000,a0:39:f7:4b:ba:48,-72,-72
1430961742.728571000,a0:39:f7:4b:ba:48,-74,-74
1430961742.768462000,a0:39:f7:4b:ba:48,-76,-76
1430961743.953367000,00:0e:58:65:16:4d,-71,-71
1430961744.453364000,00:0e:58:65:16:4d,-70,-70
1430961744.953378000,00:0e:58:65:16:4d,-71,-71
1430961745.453451000,00:0e:58:65:16:4d,-68,-68
1430961745.953432000,00:0e:58:65:16:4d,-69,-69
1430961746.055558000,60:67:20:e4:45:f4,-82,-82
1430961746.056544000,60:67:20:e4:45:f4,-81,-81
1430961746.204547000,b4:3a:28:ea:7f:09,-88,-88
1430961746.215570000,b4:3a:28:ea:7f:09,-88,-88
1430961746.281857000,b4:3a:28:ea:7f:09,-89,-89
1430961746.293743000,b4:3a:28:ea:7f:09,-89,-89
1430961746.305609000,b4:3a:28:ea:7f:09,-89,-89